Set parameter Username
Set parameter LicenseID to value 2762656
Academic license - for non-commercial use only - expires 2027-01-10
Set parameter DualReductions to value 0
Set parameter LazyConstraints to value 1
Gurobi Optimizer version 13.0.0 build v13.0.0rc1 (mac64[arm] - Darwin 25.2.0 25C56)

CPU model: Apple M4
Thread count: 10 physical cores, 10 logical processors, using up to 10 threads

Non-default parameters:
DualReductions  0
LazyConstraints  1

Optimize a model with 19 rows, 171 columns and 342 nonzeros (Min)
Model fingerprint: 0xfa7f7cbb
Model has 171 linear objective coefficients
Variable types: 0 continuous, 171 integer (0 binary)
Coefficient statistics:
  Matrix range     [1e+00, 1e+00]
  Objective range  [2e-02, 1e+00]
  Bounds range     [1e+00, 2e+00]
  RHS range        [2e+00, 6e+00]
adding cut for [(2, 3), (2, 17), (3, 11), (7, 13), (7, 17), (8, 11), (8, 19), (13, 19)]
adding cut for [(5, 15), (5, 16), (6, 12), (6, 16), (9, 12), (9, 18), (15, 18)]
Presolve time: 0.00s
Presolved: 19 rows, 171 columns, 342 nonzeros
Variable types: 0 continuous, 171 integer (153 binary)
adding cut for [(8, 13), (2, 8), (2, 13)]
adding cut for [(3, 7), (3, 19), (7, 16), (11, 16), (11, 19)]
adding cut for [(12, 15), (5, 6), (5, 15), (6, 12)]
adding cut for [(9, 10), (9, 14), (10, 14)]
adding cut for [(5, 18), (5, 19), (6, 18), (6, 19)]
adding cut for [(8, 16), (8, 17), (7, 16), (7, 17)]
adding cut for [(9, 14), (9, 15), (10, 14), (10, 15)]
adding cut for [(11, 12), (11, 13), (12, 13)]

Root relaxation: objective 4.376638e+00, 26 iterations, 0.00 seconds (0.00 work units)
adding cut for [(8, 16), (2, 8), (2, 13), (13, 16)]
adding cut for [(3, 7), (3, 11), (4, 10), (4, 18), (5, 12), (5, 15), (6, 12), (7, 15), (10, 14), (11, 19), (18, 19)]

    Nodes    |    Current Node    |     Objective Bounds      |     Work
 Expl Unexpl |  Obj  Depth IntInf | Incumbent    BestBd   Gap | It/Node Time

     0     0    4.37664    0    -          -    4.37664      -     -    0s
     0     0    4.39003    0    8          -    4.39003      -     -    0s
adding cut for [(2, 8), (2, 13), (3, 7), (3, 11), (5, 12), (5, 15), (6, 8), (6, 12), (7, 16), (11, 19), (13, 16), (18, 19)]
adding cut for [(2, 8), (2, 13), (3, 11), (5, 12), (5, 15), (6, 8), (6, 12), (7, 16), (11, 19), (13, 16), (14, 18), (14, 19), (15, 17), (17, 18)]
adding cut for [(2, 8), (2, 13), (5, 12), (5, 15), (6, 8), (6, 12), (7, 10), (7, 16), (10, 15), (13, 16)]
adding cut for [(3, 4), (3, 11), (4, 18), (11, 19), (18, 19)]
adding cut for [(2, 8), (2, 13), (4, 7), (4, 15), (5, 12), (5, 15), (6, 8), (6, 12), (7, 16), (13, 16)]
adding cut for [(3, 10), (3, 11), (10, 18), (11, 19), (18, 19)]
adding cut for [(2, 8), (2, 13), (3, 7), (3, 11), (4, 15), (4, 18), (5, 12), (5, 15), (6, 12), (7, 16), (11, 19), (13, 16), (18, 19)]
     0     0    4.69818    0    -          -    4.69818      -     -    0s
adding cut for [(2, 8), (2, 13), (4, 10), (4, 14), (5, 7), (5, 15), (7, 16), (9, 14), (10, 15), (13, 16)]
adding cut for [(11, 19), (18, 19), (3, 11), (3, 18)]
     0     0    5.17588    0    -          -    5.17588      -     -    0s
adding cut for [(2, 8), (2, 13), (3, 7), (3, 11), (4, 10), (4, 18), (5, 9), (5, 15), (7, 16), (9, 14), (10, 15), (11, 19), (13, 16), (18, 19)]
     0     0    5.23176    0    -          -    5.23176      -     -    0s
adding cut for [(2, 8), (2, 13), (3, 7), (3, 11), (4, 10), (4, 18), (5, 12), (5, 15), (6, 9), (7, 16), (9, 12), (10, 15), (11, 19), (13, 16), (18, 19)]
     0     0    5.40938    0    -          -    5.40938      -     -    0s
adding cut for [(2, 8), (2, 13), (3, 7), (3, 11), (4, 10), (4, 18), (5, 12), (5, 15), (6, 17), (7, 16), (8, 17), (10, 15), (11, 19), (13, 16), (18, 19)]
     0     0    5.47651    0    -          -    5.47651      -     -    0s
     0     0    5.52294    0   12          -    5.52294      -     -    0s
     0     0    5.52615    0   12          -    5.52615      -     -    0s
adding cut for [(3, 7), (3, 11), (4, 10), (4, 18), (6, 14), (7, 16), (8, 13), (8, 17), (10, 14), (11, 19), (13, 16), (18, 19)]
adding cut for [(2, 8), (2, 13), (3, 7), (3, 11), (4, 10), (4, 18), (6, 14), (7, 16), (10, 14), (11, 19), (13, 16), (18, 19)]
adding cut for [(2, 8), (2, 13), (3, 7), (3, 11), (4, 10), (4, 18), (7, 16), (9, 14), (10, 12), (11, 19), (12, 14), (13, 16), (18, 19)]
     0     0    5.54830    0    -          -    5.54830      -     -    0s
     0     0    5.62061    0   17          -    5.62061      -     -    0s
     0     0    5.62081    0   14          -    5.62081      -     -    0s
adding cut for [(3, 11), (3, 14), (4, 10), (4, 18), (5, 12), (5, 15), (6, 8), (6, 12), (9, 14), (9, 15), (11, 19), (18, 19)]
     0     0    5.62141    0   14          -    5.62141      -     -    0s
     0     0    5.62141    0   14          -    5.62141      -     -    0s
adding cut for [(2, 8), (2, 13), (3, 7), (3, 11), (4, 10), (4, 18), (5, 7), (5, 16), (6, 12), (8, 17), (10, 14), (11, 19), (12, 14), (13, 16), (18, 19)]
adding cut for [(3, 7), (3, 11), (4, 10), (4, 18), (5, 15), (10, 15), (11, 19), (18, 19)]
     0     2    5.62141    0   14          -    5.62141      -     -    0s
adding cut for [(2, 8), (2, 13), (3, 7), (3, 11), (4, 10), (4, 18), (7, 16), (8, 17), (11, 19), (13, 16), (18, 19)]
adding cut for [(2, 8), (2, 13), (3, 7), (3, 11), (4, 10), (4, 18), (7, 16), (10, 15), (11, 19), (13, 16), (18, 19)]
adding cut for [(2, 8), (2, 13), (3, 7), (3, 11), (4, 10), (4, 18), (7, 16), (11, 19), (13, 16), (18, 19)]
adding cut for [(2, 8), (2, 13), (3, 7), (3, 18), (7, 16), (11, 19), (13, 16), (18, 19)]
adding cut for [(5, 12), (5, 6), (6, 12)]
adding cut for [(2, 8), (2, 13), (5, 12), (5, 16), (9, 14), (12, 14), (13, 16)]
adding cut for [(3, 7), (3, 11), (4, 10), (4, 18), (6, 7), (10, 15), (11, 19), (18, 19)]
adding cut for [(2, 8), (2, 13), (5, 12), (5, 16), (8, 17), (9, 12), (13, 16)]
adding cut for [(3, 7), (3, 11), (4, 10), (4, 18), (7, 15), (10, 14), (11, 19), (18, 19)]
adding cut for [(3, 7), (3, 11), (4, 14), (4, 18), (5, 7), (5, 12), (9, 14), (10, 12), (10, 15), (11, 19), (18, 19)]
adding cut for [(2, 8), (2, 13), (3, 7), (3, 11), (4, 10), (4, 18), (5, 12), (5, 16), (7, 12), (10, 15), (11, 19), (13, 16), (18, 19)]
adding cut for [(2, 8), (2, 13), (3, 11), (3, 16), (4, 10), (4, 18), (10, 15), (11, 19), (13, 16), (18, 19)]
adding cut for [(2, 8), (2, 13), (6, 12), (6, 16), (10, 12), (10, 15), (13, 16)]
adding cut for [(3, 7), (3, 11), (4, 14), (4, 18), (5, 7), (9, 14), (11, 19), (18, 19)]
adding cut for [(2, 8), (2, 13), (3, 11), (3, 16), (4, 10), (4, 18), (8, 17), (10, 14), (11, 19), (13, 16), (18, 19)]
adding cut for [(2, 8), (2, 13), (5, 6), (5, 16), (6, 12), (9, 14), (12, 14), (13, 16)]
adding cut for [(3, 7), (3, 11), (4, 10), (4, 18), (10, 15), (11, 19), (18, 19)]
adding cut for [(3, 7), (3, 11), (4, 10), (4, 18), (5, 7), (5, 12), (6, 9), (6, 12), (9, 14), (10, 14), (11, 19), (18, 19)]
adding cut for [(3, 5), (3, 11), (4, 10), (4, 18), (10, 15), (11, 19), (18, 19)]
adding cut for [(2, 8), (2, 13), (3, 11), (3, 16), (4, 10), (4, 18), (6, 10), (6, 12), (9, 14), (11, 19), (12, 14), (13, 16), (18, 19)]
adding cut for [(2, 8), (2, 13), (3, 7), (3, 11), (4, 18), (5, 7), (5, 16), (8, 17), (11, 19), (13, 16), (18, 19)]
adding cut for [(3, 7), (3, 18), (5, 7), (5, 12), (6, 12), (6, 13), (11, 16), (11, 19), (13, 16), (18, 19)]
adding cut for [(2, 8), (2, 13), (3, 11), (3, 12), (4, 10), (4, 18), (6, 7), (6, 12), (7, 16), (9, 14), (10, 15), (11, 19), (13, 16), (14, 15), (18, 19)]
adding cut for [(2, 8), (2, 13), (5, 7), (7, 16), (8, 17), (13, 16)]
adding cut for [(3, 11), (3, 15), (4, 10), (4, 18), (10, 14), (11, 19), (18, 19)]
adding cut for [(2, 8), (2, 13), (5, 15), (5, 16), (8, 17), (13, 16)]
adding cut for [(3, 7), (3, 11), (4, 10), (4, 18), (10, 14), (11, 19), (18, 19)]
adding cut for [(2, 8), (2, 13), (3, 11), (3, 15), (4, 10), (4, 18), (5, 6), (5, 7), (6, 10), (7, 16), (11, 19), (13, 16), (18, 19)]
adding cut for [(3, 7), (3, 11), (4, 14), (4, 18), (5, 7), (5, 12), (11, 19), (18, 19)]
adding cut for [(2, 8), (2, 13), (3, 11), (3, 16), (8, 17), (13, 16)]
adding cut for [(4, 14), (4, 18), (5, 6), (5, 7), (6, 12), (7, 15), (10, 14), (10, 15), (18, 19)]
adding cut for [(2, 8), (2, 13), (6, 12), (6, 16), (8, 17), (13, 16)]
adding cut for [(3, 7), (3, 11), (4, 18), (5, 7), (11, 19), (18, 19)]
adding cut for [(2, 8), (2, 13), (7, 15), (7, 16), (8, 17), (13, 16)]
adding cut for [(3, 5), (3, 11), (4, 10), (4, 18), (10, 14), (11, 19), (18, 19)]
adding cut for [(3, 7), (3, 11), (4, 10), (4, 18), (6, 7), (9, 10), (9, 14), (11, 19), (18, 19)]
adding cut for [(3, 7), (3, 11), (4, 14), (4, 18), (7, 12), (11, 19), (18, 19)]
adding cut for [(2, 8), (2, 13), (5, 12), (5, 15), (6, 9), (7, 15), (7, 16), (9, 12), (13, 16)]
adding cut for [(3, 11), (4, 14), (4, 18), (10, 14), (11, 19), (18, 19)]
adding cut for [(2, 12), (2, 13), (3, 7), (3, 11), (4, 9), (4, 18), (5, 12), (5, 15), (6, 9), (7, 16), (10, 14), (11, 19), (13, 16), (14, 15), (18, 19)]
adding cut for [(2, 8), (2, 13), (3, 11), (3, 16), (4, 18), (11, 19), (13, 16), (18, 19)]
adding cut for [(5, 7), (6, 12), (6, 17), (7, 15), (10, 14), (10, 15), (12, 14)]
adding cut for [(2, 8), (2, 13), (3, 18), (5, 7), (5, 12), (6, 8), (6, 12), (7, 11), (11, 19), (13, 16), (18, 19)]
adding cut for [(2, 8), (2, 13), (3, 6), (3, 11), (4, 9), (4, 18), (6, 8), (7, 15), (7, 16), (9, 10), (11, 19), (13, 16), (18, 19)]
adding cut for [(3, 7), (3, 11), (4, 9), (4, 18), (7, 12), (11, 19), (18, 19)]
adding cut for [(3, 11), (3, 15), (4, 10), (4, 18), (11, 19), (18, 19)]
adding cut for [(3, 11), (3, 13), (4, 14), (4, 18), (5, 7), (5, 15), (7, 16), (10, 15), (11, 19), (13, 16), (18, 19)]
adding cut for [(3, 7), (3, 11), (4, 10), (4, 18), (9, 10), (9, 14), (11, 19), (18, 19)]
adding cut for [(2, 8), (5, 6), (5, 16), (6, 12), (8, 13), (10, 12), (10, 15), (13, 16)]
adding cut for [(3, 11), (3, 19), (4, 14), (4, 18), (7, 11), (9, 14), (18, 19)]
adding cut for [(2, 8), (4, 5), (4, 10), (5, 12), (6, 12), (6, 16), (8, 13), (9, 14), (10, 15), (13, 16), (14, 15)]
adding cut for [(2, 8), (5, 7), (5, 15), (6, 9), (6, 12), (7, 16), (8, 13), (12, 14), (13, 16), (14, 15)]
adding cut for [(3, 11), (4, 10), (4, 18), (11, 19), (18, 19)]
adding cut for [(3, 7), (3, 11), (4, 9), (4, 18), (6, 7), (11, 19), (18, 19)]
adding cut for [(2, 8), (5, 15), (5, 16), (6, 12), (6, 14), (8, 13), (9, 12), (10, 14), (10, 15), (13, 16)]
adding cut for [(3, 7), (3, 11), (4, 18), (11, 19), (18, 19)]
adding cut for [(2, 8), (2, 13), (6, 7), (6, 12), (7, 16), (8, 17), (9, 12), (13, 16)]
adding cut for [(3, 5), (3, 11), (5, 15), (10, 14), (10, 15), (11, 19)]
adding cut for [(2, 8), (2, 13), (7, 15), (7, 16), (10, 14), (10, 15), (13, 16)]
adding cut for [(3, 5), (3, 11), (4, 18), (11, 19), (18, 19)]
adding cut for [(2, 8), (2, 13), (3, 7), (6, 12), (6, 16), (7, 12), (13, 16)]
adding cut for [(18, 19), (11, 19), (11, 18)]
adding cut for [(3, 11), (3, 13), (4, 14), (4, 18), (7, 15), (7, 16), (9, 10), (10, 15), (11, 19), (13, 16), (18, 19)]
adding cut for [(2, 8), (2, 13), (4, 10), (4, 18), (8, 17), (10, 14), (11, 16), (11, 19), (13, 16), (18, 19)]
adding cut for [(2, 8), (5, 7), (5, 12), (6, 10), (7, 16), (8, 13), (9, 10), (9, 14), (12, 14), (13, 16)]
adding cut for [(3, 11), (3, 15), (4, 18), (11, 19), (18, 19)]
adding cut for [(2, 8), (3, 15), (3, 18), (5, 7), (5, 16), (7, 11), (8, 13), (11, 19), (13, 16), (18, 19)]
adding cut for [(4, 10), (4, 18), (5, 6), (5, 12), (6, 9), (7, 11), (9, 14), (10, 14), (11, 19), (18, 19)]
adding cut for [(2, 8), (4, 10), (6, 9), (6, 16), (8, 13), (9, 14), (10, 14), (13, 16)]
adding cut for [(3, 15), (3, 18), (5, 7), (5, 12), (7, 11), (11, 19), (18, 19)]
adding cut for [(4, 10), (4, 18), (7, 11), (10, 15), (11, 19), (14, 15), (18, 19)]
adding cut for [(2, 8), (2, 13), (3, 15), (3, 16), (8, 17), (13, 16)]
adding cut for [(4, 10), (4, 18), (5, 7), (7, 11), (10, 14), (11, 19), (18, 19)]
adding cut for [(2, 8), (4, 10), (4, 18), (5, 6), (5, 12), (8, 13), (10, 14), (11, 16), (11, 19), (12, 14), (13, 16), (18, 19)]
adding cut for [(3, 7), (3, 18), (5, 7), (5, 16), (11, 16), (11, 19), (18, 19)]
adding cut for [(2, 8), (5, 7), (5, 12), (7, 16), (8, 13), (9, 12), (9, 14), (10, 14), (10, 15), (13, 16)]
adding cut for [(2, 8), (5, 7), (5, 14), (7, 16), (8, 13), (9, 14), (13, 16)]
adding cut for [(3, 6), (3, 11), (4, 18), (6, 12), (10, 12), (10, 15), (11, 19), (18, 19)]
adding cut for [(2, 8), (2, 13), (4, 14), (4, 18), (8, 17), (11, 16), (11, 19), (13, 16), (18, 19)]
adding cut for [(2, 8), (5, 7), (5, 12), (7, 16), (8, 13), (13, 16)]
adding cut for [(3, 6), (3, 11), (4, 18), (6, 9), (9, 14), (10, 14), (10, 15), (11, 19), (18, 19)]
adding cut for [(2, 8), (2, 13), (5, 7), (5, 15), (7, 13), (8, 17), (10, 15)]
adding cut for [(3, 11), (3, 16), (4, 14), (4, 18), (11, 19), (18, 19)]
adding cut for [(2, 8), (4, 10), (6, 12), (6, 16), (8, 13), (10, 12), (13, 16)]
adding cut for [(3, 5), (3, 18), (5, 15), (7, 11), (9, 14), (11, 19), (14, 15), (18, 19)]
adding cut for [(3, 5), (3, 18), (4, 10), (5, 15), (6, 7), (7, 11), (10, 14), (11, 19), (14, 15), (18, 19)]
adding cut for [(2, 8), (3, 5), (3, 16), (4, 10), (4, 18), (5, 6), (6, 12), (7, 11), (8, 13), (10, 12), (11, 19), (13, 16), (18, 19)]
adding cut for [(2, 8), (4, 10), (8, 13), (10, 14), (12, 14), (12, 16), (13, 16)]
adding cut for [(3, 5), (3, 18), (5, 6), (7, 11), (7, 15), (9, 15), (11, 19), (18, 19)]
adding cut for [(2, 8), (5, 7), (5, 15), (7, 13), (8, 13), (9, 15)]
adding cut for [(3, 11), (3, 16), (4, 18), (11, 19), (18, 19)]
adding cut for [(10, 12), (10, 14), (6, 12), (6, 14)]
adding cut for [(2, 8), (2, 13), (7, 11), (8, 17), (11, 16), (13, 16)]
adding cut for [(3, 5), (3, 19), (4, 10), (4, 18), (10, 15), (14, 15), (18, 19)]
adding cut for [(3, 5), (3, 18), (7, 11), (7, 12), (11, 19), (18, 19)]
adding cut for [(2, 8), (3, 5), (3, 7), (5, 15), (7, 16), (8, 13), (13, 16)]
adding cut for [(4, 10), (4, 18), (6, 9), (6, 12), (10, 14), (11, 19), (12, 14), (18, 19)]
adding cut for [(3, 7), (3, 18), (11, 16), (11, 19), (13, 16), (18, 19)]
adding cut for [(4, 9), (4, 10), (5, 12), (5, 15), (6, 12), (9, 14), (10, 15)]
adding cut for [(2, 8), (5, 7), (5, 15), (6, 12), (6, 14), (7, 16), (8, 13), (9, 12), (10, 14), (10, 15), (13, 16)]
adding cut for [(2, 8), (2, 13), (4, 10), (4, 18), (10, 14), (11, 16), (11, 19), (13, 16), (18, 19)]
adding cut for [(2, 8), (2, 13), (4, 18), (8, 17), (11, 16), (11, 19), (13, 16), (18, 19)]
adding cut for [(2, 8), (3, 11), (3, 13), (4, 18), (8, 13), (11, 19), (18, 19)]
adding cut for [(5, 7), (5, 12), (6, 16), (7, 16), (9, 12), (9, 14), (10, 14), (10, 15)]
adding cut for [(3, 15), (3, 19), (4, 10), (4, 18), (5, 6), (5, 12), (6, 9), (9, 14), (10, 14), (18, 19)]
adding cut for [(2, 8), (3, 15), (3, 16), (8, 13), (10, 15), (13, 16)]
adding cut for [(4, 14), (4, 18), (5, 7), (7, 11), (11, 19), (18, 19)]
adding cut for [(3, 11), (3, 12), (4, 14), (4, 18), (11, 19), (18, 19)]
adding cut for [(2, 8), (2, 16), (5, 7), (5, 15), (7, 13), (10, 15), (13, 16)]
adding cut for [(3, 11), (4, 14), (4, 18), (11, 19), (18, 19)]
adding cut for [(3, 18), (4, 10), (5, 7), (5, 15), (7, 11), (10, 14), (11, 19), (14, 15), (18, 19)]
adding cut for [(2, 8), (2, 13), (4, 18), (11, 16), (11, 19), (13, 16), (18, 19)]
adding cut for [(3, 7), (3, 15), (5, 7), (6, 12), (6, 17), (10, 14), (10, 15), (12, 14)]
adding cut for [(2, 8), (3, 5), (3, 18), (4, 10), (4, 14), (5, 12), (8, 13), (9, 10), (11, 16), (11, 19), (12, 14), (13, 16), (18, 19)]
adding cut for [(2, 8), (4, 10), (6, 12), (6, 16), (8, 13), (10, 14), (12, 14), (13, 16)]
adding cut for [(3, 5), (3, 18), (5, 9), (7, 11), (7, 15), (11, 19), (18, 19)]
adding cut for [(2, 8), (5, 12), (5, 15), (6, 10), (7, 15), (7, 16), (8, 13), (10, 14), (12, 14), (13, 16)]
adding cut for [(3, 11), (4, 9), (4, 18), (11, 19), (18, 19)]
adding cut for [(2, 8), (5, 11), (5, 15), (7, 11), (7, 16), (8, 13), (13, 16)]
adding cut for [(3, 19), (4, 10), (4, 18), (6, 9), (6, 12), (10, 14), (12, 14), (18, 19)]
adding cut for [(2, 8), (2, 13), (3, 16), (3, 18), (8, 17), (11, 13), (11, 19), (18, 19)]
adding cut for [(3, 5), (3, 18), (6, 7), (7, 11), (11, 19), (18, 19)]
adding cut for [(2, 8), (2, 13), (4, 10), (4, 16), (8, 17), (10, 15), (13, 16), (14, 15)]
adding cut for [(2, 8), (4, 10), (4, 18), (7, 11), (7, 16), (8, 13), (11, 19), (13, 16), (18, 19)]
adding cut for [(3, 5), (3, 11), (5, 12), (9, 14), (9, 15), (11, 19), (12, 14), (15, 18), (18, 19)]
adding cut for [(2, 8), (2, 13), (3, 16), (3, 19), (4, 14), (4, 18), (8, 17), (13, 16), (18, 19)]
adding cut for [(2, 8), (2, 13), (7, 11), (7, 15), (10, 15), (11, 16), (13, 16)]
adding cut for [(2, 8), (2, 13), (5, 7), (7, 18), (8, 17), (11, 16), (11, 19), (13, 16), (18, 19)]
adding cut for [(2, 8), (4, 10), (4, 18), (6, 9), (6, 12), (8, 13), (10, 14), (12, 14), (13, 19), (18, 19)]
adding cut for [(2, 8), (2, 13), (3, 7), (3, 16), (5, 7), (8, 17), (13, 16)]
adding cut for [(4, 10), (4, 18), (10, 14), (11, 15), (11, 19), (18, 19)]
adding cut for [(2, 8), (2, 13), (6, 7), (7, 11), (11, 16), (13, 16)]
adding cut for [(3, 19), (4, 10), (4, 18), (9, 14), (10, 15), (14, 15), (18, 19)]
adding cut for [(4, 10), (4, 17), (9, 14), (10, 15), (14, 15)]
adding cut for [(2, 8), (2, 13), (3, 18), (11, 16), (11, 19), (13, 16), (18, 19)]
adding cut for [(4, 7), (4, 10), (6, 7), (6, 17), (9, 14), (10, 15), (14, 15)]
adding cut for [(3, 7), (3, 18), (4, 9), (4, 10), (6, 7), (6, 12), (10, 14), (11, 19), (12, 14), (18, 19)]
adding cut for [(3, 7), (3, 11), (4, 10), (4, 14), (9, 12), (9, 14), (11, 19), (12, 15), (15, 18), (18, 19)]
adding cut for [(2, 8), (4, 10), (4, 14), (5, 6), (5, 16), (6, 9), (8, 13), (9, 14), (13, 16)]
adding cut for [(3, 7), (3, 11), (7, 12), (11, 19), (15, 18), (18, 19)]
adding cut for [(3, 7), (3, 11), (4, 10), (4, 14), (9, 14), (9, 15), (11, 19), (15, 18), (18, 19)]
adding cut for [(2, 8), (3, 15), (3, 18), (5, 6), (5, 7), (6, 12), (7, 16), (8, 13), (10, 12), (10, 15), (11, 13), (11, 19), (18, 19)]
adding cut for [(2, 8), (4, 14), (4, 18), (5, 6), (5, 12), (7, 11), (7, 16), (8, 13), (9, 12), (9, 14), (11, 19), (13, 16), (18, 19)]
adding cut for [(2, 8), (2, 13), (3, 5), (3, 16), (5, 15), (8, 17), (13, 16)]
adding cut for [(4, 10), (4, 18), (7, 11), (10, 14), (11, 19), (18, 19)]
adding cut for [(2, 8), (2, 13), (5, 7), (7, 11), (11, 16), (13, 16)]
adding cut for [(3, 15), (3, 19), (4, 10), (4, 18), (10, 14), (18, 19)]
adding cut for [(2, 8), (2, 13), (7, 11), (7, 15), (11, 16), (13, 16)]
adding cut for [(3, 5), (3, 19), (4, 10), (4, 18), (10, 14), (18, 19)]
adding cut for [(4, 18), (5, 7), (5, 15), (7, 11), (10, 14), (10, 15), (11, 19), (18, 19)]
adding cut for [(2, 8), (2, 13), (7, 15), (7, 18), (8, 17), (10, 15), (11, 16), (11, 19), (13, 16), (18, 19)]
adding cut for [(3, 5), (3, 18), (7, 11), (7, 15), (9, 10), (10, 15), (11, 19), (18, 19)]
adding cut for [(2, 8), (2, 13), (4, 14), (4, 16), (8, 17), (13, 16)]
adding cut for [(3, 5), (3, 18), (7, 11), (7, 15), (10, 15), (11, 19), (18, 19)]
adding cut for [(2, 8), (2, 13), (4, 12), (4, 14), (6, 12), (7, 13), (7, 15), (8, 17), (10, 14), (10, 15)]
adding cut for [(3, 5), (3, 18), (7, 11), (7, 17), (11, 19), (18, 19)]
adding cut for [(2, 8), (4, 18), (7, 11), (7, 16), (8, 13), (11, 19), (13, 16), (18, 19)]
adding cut for [(3, 5), (3, 15), (5, 12), (12, 14), (14, 15)]
adding cut for [(2, 8), (5, 7), (5, 15), (7, 16), (8, 13), (12, 14), (13, 16), (14, 15)]
adding cut for [(3, 6), (3, 11), (4, 18), (6, 9), (9, 10), (11, 19), (18, 19)]
adding cut for [(3, 7), (3, 18), (5, 15), (6, 7), (11, 15), (11, 19), (18, 19)]
adding cut for [(2, 8), (4, 14), (4, 18), (6, 12), (6, 14), (8, 13), (9, 12), (11, 13), (11, 19), (18, 19)]
adding cut for [(2, 8), (4, 14), (4, 18), (8, 13), (10, 14), (10, 15), (13, 16), (16, 19), (18, 19)]
adding cut for [(3, 7), (3, 11), (5, 6), (5, 7), (6, 9), (11, 12)]
adding cut for [(2, 8), (3, 7), (3, 16), (7, 15), (8, 13), (10, 15), (13, 16)]
adding cut for [(4, 14), (4, 18), (5, 6), (5, 12), (9, 12), (9, 14), (11, 19), (18, 19)]
adding cut for [(2, 8), (3, 7), (3, 18), (6, 7), (8, 13), (11, 13), (11, 19), (18, 19)]
adding cut for [(4, 9), (4, 10), (5, 15), (5, 16), (10, 14), (12, 14), (12, 15)]
adding cut for [(3, 7), (3, 18), (4, 14), (4, 15), (5, 6), (5, 10), (6, 16), (7, 12), (9, 10), (9, 14), (11, 16), (11, 19), (18, 19)]
adding cut for [(2, 8), (2, 13), (3, 16), (3, 19), (4, 10), (4, 18), (8, 17), (10, 14), (13, 16), (18, 19)]
adding cut for [(2, 8), (2, 13), (4, 18), (8, 17), (13, 16), (16, 19), (18, 19)]
adding cut for [(3, 11), (3, 15), (5, 7), (7, 11), (10, 14), (10, 15)]
adding cut for [(2, 8), (2, 11), (3, 11), (3, 19), (4, 18), (8, 17), (18, 19)]
adding cut for [(5, 7), (5, 15), (7, 13), (10, 14), (10, 15), (13, 16)]
adding cut for [(2, 8), (2, 13), (5, 7), (7, 19), (8, 17), (11, 16), (11, 19), (13, 16)]
adding cut for [(2, 8), (2, 13), (4, 7), (4, 14), (7, 13), (8, 17)]
adding cut for [(3, 5), (3, 18), (5, 15), (10, 15), (11, 16), (11, 19), (18, 19)]
adding cut for [(3, 15), (3, 18), (4, 10), (5, 6), (5, 7), (6, 12), (7, 13), (9, 12), (9, 14), (10, 14), (11, 13), (11, 19), (18, 19)]
adding cut for [(3, 7), (3, 18), (5, 15), (7, 15), (11, 16), (11, 19), (12, 16), (18, 19)]
adding cut for [(2, 8), (2, 13), (3, 7), (3, 18), (7, 15), (8, 17), (11, 13), (11, 19), (18, 19)]
adding cut for [(2, 8), (2, 11), (3, 7), (3, 18), (5, 7), (5, 15), (8, 17), (11, 19), (18, 19)]
adding cut for [(3, 15), (3, 18), (5, 7), (7, 11), (11, 19), (15, 17), (18, 19)]
adding cut for [(2, 8), (2, 13), (5, 12), (5, 16), (6, 12), (8, 17), (13, 16)]
adding cut for [(3, 15), (3, 18), (7, 11), (11, 19), (18, 19)]
adding cut for [(2, 8), (2, 13), (6, 7), (7, 16), (8, 17), (13, 16)]
adding cut for [(3, 5), (3, 11), (5, 12), (11, 19), (15, 18), (18, 19)]
adding cut for [(2, 6), (2, 8), (4, 9), (4, 10), (6, 12), (8, 13), (10, 14), (11, 13), (11, 19), (12, 14), (18, 19)]
adding cut for [(2, 8), (2, 15), (3, 7), (3, 18), (8, 13), (11, 13), (11, 19), (15, 16), (18, 19)]
adding cut for [(4, 9), (4, 10), (5, 6), (5, 12), (10, 14), (12, 14)]
adding cut for [(2, 8), (2, 13), (5, 7), (5, 15), (7, 16), (13, 16)]
adding cut for [(3, 6), (3, 11), (4, 18), (6, 17), (11, 19), (18, 19)]
adding cut for [(2, 8), (2, 13), (7, 12), (7, 19), (8, 17), (11, 16), (11, 19), (13, 16)]
adding cut for [(3, 15), (3, 18), (4, 18), (9, 14), (10, 14), (10, 15)]
adding cut for [(3, 15), (3, 18), (9, 10), (10, 15), (11, 16), (11, 19), (16, 17), (18, 19)]
adding cut for [(3, 15), (3, 18), (6, 12), (6, 16), (9, 10), (10, 15), (11, 13), (11, 19), (13, 16), (18, 19)]
adding cut for [(2, 8), (2, 16), (4, 7), (4, 14), (7, 13), (8, 17), (13, 16)]
adding cut for [(3, 15), (3, 18), (5, 11), (10, 15), (11, 19), (18, 19)]
adding cut for [(3, 15), (3, 18), (6, 13), (9, 10), (10, 15), (11, 16), (11, 19), (13, 16), (18, 19)]
adding cut for [(2, 8), (2, 13), (4, 10), (5, 7), (5, 15), (6, 8), (7, 13), (9, 12), (9, 14), (10, 14), (12, 15)]
adding cut for [(2, 8), (2, 13), (4, 10), (5, 13), (5, 15), (6, 8), (9, 12), (9, 14), (10, 14), (12, 15)]
adding cut for [(2, 8), (2, 13), (6, 10), (8, 12), (9, 12), (9, 14), (10, 14), (13, 16)]
adding cut for [(3, 18), (4, 15), (5, 7), (5, 15), (7, 11), (11, 19), (18, 19)]
adding cut for [(2, 8), (3, 8), (3, 11), (4, 18), (11, 19), (18, 19)]
adding cut for [(5, 10), (5, 15), (6, 13), (7, 12), (7, 16), (9, 10), (12, 14), (13, 16), (14, 15)]
adding cut for [(2, 8), (2, 16), (5, 10), (5, 15), (6, 8), (7, 12), (7, 16), (9, 10), (12, 14), (14, 15)]
adding cut for [(3, 11), (3, 13), (4, 18), (11, 19), (18, 19)]
adding cut for [(3, 7), (3, 18), (6, 7), (6, 17), (11, 12), (11, 19), (18, 19)]
adding cut for [(2, 8), (2, 13), (3, 13), (3, 18), (5, 7), (5, 15), (7, 11), (8, 17), (11, 19), (18, 19)]
adding cut for [(2, 6), (2, 8), (3, 7), (3, 11), (4, 9), (4, 10), (5, 7), (5, 12), (8, 13), (10, 14), (11, 13), (12, 14)]
adding cut for [(3, 7), (3, 18), (4, 9), (4, 10), (5, 7), (5, 12), (10, 14), (12, 14), (15, 19), (18, 19)]
adding cut for [(2, 5), (2, 8), (4, 9), (4, 10), (5, 12), (8, 13), (10, 14), (11, 13), (11, 19), (12, 14), (18, 19)]
adding cut for [(2, 6), (2, 8), (8, 13), (11, 13), (11, 19), (18, 19)]
adding cut for [(3, 7), (3, 15), (4, 9), (4, 10), (5, 10), (5, 12), (7, 16), (12, 14), (14, 15)]
adding cut for [(2, 8), (2, 13), (3, 5), (3, 16), (8, 17), (13, 16)]
adding cut for [(4, 9), (4, 18), (7, 11), (7, 15), (11, 19), (18, 19)]
adding cut for [(2, 8), (2, 13), (3, 5), (3, 11), (11, 16), (13, 16)]
adding cut for [(4, 10), (4, 18), (7, 15), (7, 19), (10, 14), (18, 19)]
adding cut for [(2, 8), (2, 13), (4, 10), (4, 18), (10, 14), (13, 16), (16, 19), (18, 19)]
adding cut for [(2, 8), (3, 7), (3, 18), (8, 11), (11, 19), (18, 19)]
adding cut for [(4, 9), (4, 10), (5, 13), (5, 15), (6, 16), (10, 14), (12, 14), (12, 15), (13, 16)]
adding cut for [(2, 8), (2, 13), (3, 15), (3, 18), (8, 17), (11, 13), (11, 19), (18, 19)]
adding cut for [(2, 8), (2, 13), (3, 11), (3, 15), (11, 16), (13, 16)]
adding cut for [(4, 10), (4, 18), (5, 7), (7, 19), (10, 14), (18, 19)]
adding cut for [(2, 8), (2, 13), (4, 10), (4, 15), (5, 15), (5, 16), (10, 14), (13, 16)]
adding cut for [(5, 7), (5, 15), (6, 7), (9, 14), (10, 14), (10, 15)]
adding cut for [(2, 8), (2, 13), (3, 13), (3, 19), (4, 18), (8, 17), (18, 19)]
adding cut for [(2, 8), (2, 13), (3, 12), (3, 19), (8, 17), (11, 16), (11, 19), (13, 16)]
adding cut for [(4, 18), (9, 14), (10, 14), (10, 15), (15, 18)]
adding cut for [(2, 8), (2, 17), (3, 15), (9, 10), (9, 17), (10, 15)]
adding cut for [(3, 15), (3, 18), (9, 10), (10, 15), (11, 16), (11, 19), (18, 19)]
adding cut for [(3, 15), (3, 18), (6, 12), (10, 15), (11, 16), (11, 19), (12, 13), (13, 16), (18, 19)]
adding cut for [(2, 8), (2, 11), (3, 15), (3, 18), (8, 17), (9, 10), (10, 15), (11, 19), (18, 19)]
adding cut for [(3, 15), (3, 18), (6, 12), (9, 10), (10, 15), (11, 12), (11, 19), (18, 19)]
adding cut for [(2, 8), (8, 13), (11, 16), (11, 19), (13, 16), (18, 19)]
adding cut for [(3, 5), (3, 15), (4, 7), (4, 14), (5, 7), (10, 15)]
adding cut for [(2, 5), (2, 8), (4, 10), (5, 15), (8, 13), (9, 12), (9, 14), (10, 14), (12, 15), (13, 16)]
adding cut for [(2, 6), (2, 8), (4, 10), (8, 13), (9, 12), (9, 14), (10, 14), (12, 13)]
adding cut for [(3, 18), (5, 7), (5, 15), (7, 11), (11, 19), (15, 16), (18, 19)]
adding cut for [(3, 11), (4, 17), (4, 18), (11, 19), (18, 19)]
adding cut for [(2, 8), (2, 13), (3, 12), (3, 13), (5, 10), (5, 15), (6, 8), (9, 10), (12, 14), (14, 15)]
adding cut for [(4, 18), (7, 11), (7, 16), (11, 19), (18, 19)]
adding cut for [(2, 8), (2, 13), (3, 11), (3, 12), (5, 10), (5, 15), (6, 8), (9, 10), (11, 13), (12, 14), (14, 15)]
adding cut for [(3, 7), (3, 18), (5, 7), (5, 15), (11, 19), (18, 19)]
adding cut for [(2, 8), (2, 13), (6, 12), (6, 15), (8, 17), (13, 16), (15, 16)]
adding cut for [(2, 8), (2, 13), (3, 15), (3, 19), (8, 17), (11, 16), (11, 19), (13, 16)]
adding cut for [(2, 7), (2, 8), (4, 10), (4, 18), (7, 19), (8, 17), (10, 14), (18, 19)]
adding cut for [(2, 8), (2, 13), (3, 11), (3, 13), (5, 7), (5, 15), (7, 11), (8, 17)]
adding cut for [(4, 10), (4, 18), (10, 14), (16, 19), (18, 19)]
adding cut for [(2, 8), (2, 13), (3, 13), (3, 19), (4, 10), (4, 18), (10, 14), (18, 19)]
adding cut for [(5, 7), (5, 15), (7, 11), (11, 16), (16, 17)]
adding cut for [(2, 8), (2, 13), (5, 7), (7, 11), (11, 19), (13, 16), (16, 19)]
adding cut for [(3, 5), (3, 19), (4, 10), (4, 18), (5, 15), (18, 19)]
adding cut for [(2, 8), (2, 13), (4, 10), (4, 18), (13, 16), (16, 19), (18, 19)]
adding cut for [(3, 7), (3, 18), (4, 9), (4, 10), (10, 14), (11, 12), (11, 19), (12, 14), (18, 19)]
adding cut for [(13, 16), (13, 15), (5, 16), (5, 15)]
adding cut for [(2, 8), (2, 13), (3, 7), (3, 11), (4, 9), (4, 10), (8, 15), (10, 14), (11, 18), (12, 14), (12, 15), (13, 19), (18, 19)]
adding cut for [(2, 8), (2, 13), (4, 10), (4, 15), (10, 14), (13, 16), (15, 16)]
adding cut for [(2, 8), (2, 13), (3, 5), (3, 18), (8, 17), (11, 13), (11, 19), (18, 19)]
adding cut for [(4, 10), (4, 15), (7, 15), (7, 16), (10, 14)]
adding cut for [(2, 8), (2, 13), (7, 11), (7, 12), (11, 16), (13, 16)]
adding cut for [(4, 18), (5, 7), (5, 12), (7, 11), (11, 19), (18, 19)]
adding cut for [(2, 8), (2, 13), (8, 17), (9, 14), (10, 14), (10, 15), (11, 15), (11, 16), (13, 16)]
adding cut for [(2, 8), (2, 13), (3, 8), (3, 12), (13, 16), (16, 17)]
adding cut for [(4, 18), (5, 7), (7, 11), (11, 19), (18, 19)]
adding cut for [(2, 8), (2, 13), (8, 17), (9, 14), (10, 14), (10, 15), (13, 16), (15, 16)]
adding cut for [(2, 8), (2, 13), (7, 15), (7, 19), (8, 17), (11, 16), (11, 19), (13, 16)]
adding cut for [(2, 8), (2, 13), (7, 19), (8, 17), (11, 16), (11, 19), (13, 16)]
adding cut for [(3, 5), (3, 18), (4, 10), (4, 18), (5, 15), (10, 14)]
adding cut for [(2, 8), (2, 13), (3, 15), (3, 19), (11, 16), (11, 19), (13, 16)]
adding cut for [(2, 8), (2, 13), (3, 7), (3, 16), (7, 15), (8, 17), (13, 16)]
adding cut for [(4, 10), (4, 18), (5, 11), (10, 14), (11, 19), (18, 19)]
adding cut for [(2, 6), (2, 8), (3, 11), (5, 15), (5, 16), (8, 13), (11, 18), (13, 16), (15, 19), (18, 19)]
adding cut for [(4, 10), (5, 7), (5, 15), (7, 18), (9, 12), (9, 14), (10, 14), (12, 15), (16, 19), (18, 19)]
adding cut for [(2, 8), (2, 13), (4, 18), (5, 10), (5, 15), (8, 12), (9, 10), (12, 14), (13, 19), (14, 15), (18, 19)]
adding cut for [(2, 8), (2, 13), (4, 18), (6, 8), (13, 19), (18, 19)]
adding cut for [(3, 11), (5, 10), (5, 15), (7, 12), (7, 16), (9, 10), (11, 16), (12, 14), (14, 15)]
adding cut for [(2, 11), (2, 13), (3, 11), (3, 19), (4, 18), (18, 19)]
adding cut for [(5, 10), (5, 15), (6, 8), (7, 12), (7, 16), (8, 16), (9, 10), (12, 14), (14, 15)]
adding cut for [(2, 8), (2, 13), (3, 7), (3, 18), (5, 7), (8, 17), (11, 13), (11, 19), (18, 19)]
adding cut for [(2, 8), (2, 13), (3, 11), (3, 15), (7, 11), (7, 16), (13, 16)]
adding cut for [(4, 10), (4, 18), (5, 19), (10, 14), (18, 19)]
adding cut for [(2, 8), (2, 13), (5, 6), (5, 15), (6, 8), (13, 16), (16, 17)]
adding cut for [(2, 8), (2, 13), (3, 7), (3, 16), (6, 7), (8, 17), (13, 16)]
adding cut for [(5, 15), (5, 18), (11, 12), (11, 19), (18, 19)]
adding cut for [(2, 8), (2, 13), (5, 8), (5, 15), (12, 16), (13, 16)]
adding cut for [(3, 7), (3, 18), (6, 7), (6, 17), (11, 19), (18, 19)]
adding cut for [(3, 7), (3, 18), (6, 7), (11, 12), (11, 19), (18, 19)]
adding cut for [(3, 7), (3, 18), (5, 6), (5, 7), (6, 17), (15, 19), (18, 19)]
adding cut for [(3, 5), (3, 18), (5, 15), (11, 16), (11, 19), (13, 15), (13, 16), (18, 19)]
adding cut for [(2, 8), (2, 13), (6, 11), (6, 12), (8, 17), (11, 16), (13, 16)]
adding cut for [(2, 8), (2, 16), (3, 5), (3, 18), (5, 13), (7, 11), (11, 19), (13, 16), (18, 19)]
adding cut for [(2, 8), (2, 13), (3, 5), (3, 18), (5, 15), (8, 17), (13, 19), (18, 19)]
adding cut for [(2, 8), (2, 17), (3, 5), (3, 18), (5, 15), (8, 13), (13, 16), (16, 19), (18, 19)]
adding cut for [(2, 8), (2, 19), (3, 5), (3, 18), (5, 15), (8, 17), (18, 19)]
adding cut for [(2, 8), (2, 13), (4, 10), (4, 11), (8, 17), (10, 14), (11, 16), (13, 16)]
adding cut for [(2, 8), (2, 13), (3, 4), (3, 7), (4, 10), (7, 16), (8, 17), (10, 14), (13, 16)]
adding cut for [(2, 8), (2, 13), (4, 14), (4, 18), (8, 17), (11, 13), (11, 19), (18, 19)]
adding cut for [(2, 8), (2, 13), (3, 5), (3, 19), (8, 17), (11, 16), (11, 19), (13, 16)]
adding cut for [(4, 10), (4, 18), (7, 15), (7, 18), (10, 14)]
adding cut for [(2, 8), (2, 13), (4, 10), (4, 18), (7, 13), (7, 19), (8, 17), (10, 14), (18, 19)]
adding cut for [(4, 10), (4, 18), (7, 19), (9, 14), (10, 14), (18, 19)]
adding cut for [(3, 13), (4, 10), (4, 18), (10, 14), (11, 16), (11, 19), (13, 16), (18, 19)]
adding cut for [(3, 6), (3, 11), (4, 18), (6, 12), (11, 19), (12, 17), (18, 19)]
adding cut for [(2, 8), (2, 13), (3, 15), (3, 19), (8, 17), (13, 16), (16, 19)]
adding cut for [(4, 10), (4, 18), (5, 7), (7, 11), (11, 18)]
adding cut for [(3, 15), (3, 19), (4, 10), (4, 18), (5, 7), (7, 11), (11, 13), (13, 16), (15, 16), (18, 19)]
adding cut for [(2, 8), (2, 13), (4, 10), (5, 13), (5, 15), (6, 8), (6, 9), (9, 14), (10, 14)]
adding cut for [(3, 7), (3, 18), (7, 12), (11, 16), (11, 19), (18, 19)]
adding cut for [(2, 8), (2, 16), (4, 10), (5, 15), (5, 16), (6, 8), (6, 9), (9, 14), (10, 14)]
adding cut for [(3, 7), (3, 18), (7, 12), (11, 13), (11, 19), (18, 19)]
adding cut for [(3, 11), (3, 13), (4, 10), (5, 7), (5, 15), (7, 8), (8, 13), (9, 12), (9, 14), (10, 14), (11, 18), (12, 15), (16, 19), (18, 19)]
adding cut for [(4, 10), (4, 18), (5, 15), (7, 11), (10, 15), (11, 19), (18, 19)]
adding cut for [(4, 10), (4, 18), (7, 11), (10, 15), (11, 19), (18, 19)]
adding cut for [(4, 10), (4, 18), (5, 12), (6, 12), (6, 15), (7, 19), (10, 15), (18, 19)]
adding cut for [(4, 10), (4, 18), (5, 7), (7, 19), (10, 15), (18, 19)]
adding cut for [(2, 8), (2, 13), (4, 10), (4, 15), (5, 13), (5, 15), (8, 17), (10, 14)]
adding cut for [(3, 7), (3, 18), (7, 12), (11, 19), (12, 17), (18, 19)]
adding cut for [(4, 10), (4, 15), (5, 15), (9, 14), (10, 14)]
adding cut for [(4, 10), (4, 15), (9, 14), (10, 14), (12, 15), (12, 17)]
adding cut for [(2, 8), (2, 13), (8, 17), (11, 15), (11, 16), (13, 16)]
adding cut for [(3, 7), (3, 19), (4, 10), (4, 18), (5, 7), (10, 14), (18, 19)]
adding cut for [(2, 8), (2, 13), (5, 11), (8, 17), (11, 16), (13, 16)]
adding cut for [(3, 7), (3, 19), (4, 10), (4, 18), (7, 15), (10, 14), (18, 19)]
adding cut for [(2, 8), (2, 13), (4, 10), (4, 18), (8, 17), (10, 14), (11, 13), (11, 19), (18, 19)]
adding cut for [(3, 6), (3, 11), (4, 18), (6, 12), (9, 12), (11, 19), (18, 19)]
adding cut for [(2, 8), (2, 13), (3, 13), (3, 16), (7, 16), (8, 17)]
adding cut for [(4, 18), (5, 11), (5, 15), (10, 14), (10, 15), (11, 19), (18, 19)]
adding cut for [(2, 8), (2, 13), (4, 18), (8, 17), (13, 19), (18, 19)]
adding cut for [(3, 5), (3, 11), (5, 15), (7, 16), (10, 14), (10, 15), (11, 16)]
adding cut for [(4, 10), (4, 18), (7, 11), (7, 17), (9, 10), (9, 14), (11, 19), (18, 19)]
adding cut for [(4, 10), (4, 18), (7, 11), (9, 10), (9, 14), (11, 19), (18, 19)]
adding cut for [(2, 3), (2, 8), (3, 15), (5, 16), (8, 13), (13, 16)]
adding cut for [(4, 10), (4, 18), (7, 11), (7, 17), (11, 19), (18, 19)]
adding cut for [(2, 8), (2, 13), (3, 7), (3, 13), (4, 9), (4, 10), (6, 8), (7, 12), (10, 14), (12, 14)]
adding cut for [(5, 16), (5, 18), (11, 19), (15, 16), (18, 19)]
adding cut for [(3, 7), (3, 18), (4, 9), (4, 10), (5, 16), (5, 18), (7, 12), (10, 14), (12, 14), (15, 16)]
adding cut for [(2, 8), (2, 13), (4, 9), (4, 10), (8, 18), (10, 14), (11, 19), (12, 13), (12, 14), (18, 19)]
adding cut for [(2, 8), (3, 7), (3, 18), (6, 7), (6, 8), (11, 19), (18, 19)]
adding cut for [(4, 9), (4, 10), (5, 13), (5, 16), (10, 14), (12, 13), (12, 14), (15, 16)]
adding cut for [(2, 8), (2, 13), (6, 12), (12, 15), (13, 16), (15, 16)]
adding cut for [(2, 8), (2, 11), (5, 18), (8, 17), (11, 19), (18, 19)]
adding cut for [(3, 7), (3, 12), (6, 12), (7, 13), (13, 16), (15, 16)]
adding cut for [(3, 7), (3, 18), (5, 7), (13, 16), (13, 19), (15, 16), (18, 19)]
adding cut for [(2, 8), (2, 13), (3, 16), (3, 19), (4, 10), (4, 18), (10, 14), (13, 16), (18, 19)]
adding cut for [(2, 8), (2, 13), (5, 15), (7, 11), (7, 15), (8, 17), (11, 13)]
adding cut for [(3, 16), (3, 19), (4, 10), (4, 18), (10, 14), (18, 19)]
adding cut for [(2, 8), (2, 13), (4, 10), (6, 8), (6, 9), (7, 13), (7, 15), (9, 14), (10, 14)]
adding cut for [(3, 5), (3, 18), (5, 12), (11, 16), (11, 19), (18, 19)]
adding cut for [(2, 8), (2, 13), (3, 7), (3, 18), (8, 17), (11, 13), (11, 19), (18, 19)]
adding cut for [(4, 10), (4, 15), (5, 15), (5, 16), (10, 14)]
adding cut for [(2, 8), (2, 13), (3, 7), (3, 18), (8, 12), (11, 13), (11, 19), (18, 19)]
adding cut for [(4, 10), (5, 15), (5, 16), (6, 9), (6, 15), (9, 14), (10, 14)]
adding cut for [(2, 8), (2, 13), (3, 7), (3, 18), (5, 8), (5, 12), (11, 13), (11, 19), (18, 19)]
adding cut for [(4, 10), (6, 9), (6, 16), (9, 14), (10, 14), (15, 16)]
adding cut for [(2, 8), (2, 13), (3, 7), (3, 18), (4, 10), (5, 6), (5, 8), (6, 9), (9, 14), (10, 14), (11, 13), (11, 19), (18, 19)]
adding cut for [(2, 8), (2, 12), (4, 10), (5, 8), (5, 15), (6, 9), (6, 12), (9, 14), (10, 14), (15, 16)]
adding cut for [(2, 8), (3, 4), (3, 7), (4, 10), (6, 8), (6, 9), (9, 14), (10, 14)]
adding cut for [(5, 12), (5, 15), (11, 13), (11, 19), (13, 16), (15, 16), (18, 19)]
adding cut for [(2, 8), (2, 16), (3, 11), (3, 16), (6, 8), (7, 18), (11, 19), (18, 19)]
adding cut for [(4, 9), (4, 10), (5, 13), (5, 15), (10, 14), (12, 14), (12, 15)]
adding cut for [(2, 8), (2, 11), (3, 16), (3, 18), (6, 8), (11, 19), (18, 19)]
adding cut for [(4, 9), (4, 10), (5, 7), (5, 15), (7, 13), (10, 14), (12, 14), (12, 15)]
adding cut for [(2, 7), (2, 8), (4, 9), (4, 10), (5, 7), (5, 12), (8, 13), (10, 14), (12, 14), (13, 15)]
adding cut for [(2, 6), (2, 8), (3, 11), (5, 13), (5, 15), (6, 10), (7, 12), (7, 19), (8, 13), (9, 12), (9, 14), (10, 14), (11, 18), (18, 19)]
adding cut for [(5, 12), (5, 15), (9, 12), (9, 14), (14, 15)]
adding cut for [(2, 8), (2, 13), (4, 10), (4, 18), (5, 6), (5, 15), (6, 9), (8, 12), (10, 14), (13, 19), (14, 15), (18, 19)]
adding cut for [(2, 8), (4, 10), (4, 18), (5, 6), (5, 15), (6, 9), (8, 19), (10, 14), (14, 15), (18, 19)]
adding cut for [(4, 10), (4, 18), (5, 15), (5, 16), (6, 12), (6, 14), (9, 12), (11, 13), (11, 19), (13, 16), (14, 15), (18, 19)]
adding cut for [(4, 10), (4, 15), (6, 12), (9, 14), (10, 14), (12, 15)]
* 1115   611              13       6.2008614    6.03900  2.61%   6.5    0s
adding cut for [(2, 8), (2, 13), (6, 12), (7, 12), (7, 16), (8, 17), (13, 16)]
adding cut for [(2, 8), (2, 13), (3, 7), (3, 18), (5, 7), (11, 13), (11, 19), (18, 19)]
adding cut for [(4, 10), (4, 15), (10, 14), (15, 16), (16, 17)]
adding cut for [(2, 8), (2, 13), (4, 10), (4, 18), (8, 17), (10, 14), (11, 16), (11, 18), (13, 16)]
adding cut for [(2, 8), (2, 13), (3, 16), (3, 19), (4, 10), (4, 18), (8, 17), (13, 16), (18, 19)]
adding cut for [(2, 8), (2, 13), (4, 10), (4, 18), (10, 14), (13, 19), (18, 19)]
adding cut for [(3, 11), (3, 16), (5, 7), (5, 15), (7, 11), (16, 17)]
adding cut for [(2, 8), (2, 13), (3, 16), (3, 19), (5, 7), (7, 11), (8, 17), (11, 19), (13, 16)]
adding cut for [(2, 8), (2, 13), (4, 10), (4, 18), (10, 14), (11, 13), (11, 19), (18, 19)]
adding cut for [(2, 8), (2, 13), (3, 11), (3, 16), (5, 7), (7, 11), (13, 16)]
adding cut for [(4, 10), (4, 18), (10, 14), (15, 19), (18, 19)]
adding cut for [(2, 8), (2, 13), (5, 11), (5, 15), (11, 16), (13, 16)]
adding cut for [(3, 7), (3, 19), (4, 10), (4, 18), (10, 14), (18, 19)]
adding cut for [(2, 8), (2, 11), (4, 10), (4, 18), (8, 17), (10, 14), (11, 19), (18, 19)]
adding cut for [(2, 3), (2, 8), (3, 7), (5, 7), (5, 15), (8, 17)]
adding cut for [(4, 10), (4, 18), (10, 14), (11, 13), (11, 19), (13, 16), (18, 19)]
adding cut for [(2, 8), (2, 11), (3, 7), (3, 11), (5, 7), (5, 15), (8, 17)]
adding cut for [(4, 10), (4, 18), (10, 14), (13, 16), (13, 19), (18, 19)]
adding cut for [(2, 8), (2, 13), (3, 7), (3, 15), (7, 16), (13, 16)]
adding cut for [(4, 10), (4, 18), (5, 11), (11, 19), (18, 19)]
adding cut for [(2, 8), (2, 16), (3, 5), (3, 7), (5, 15), (7, 16), (8, 17)]
adding cut for [(4, 10), (4, 18), (10, 14), (11, 13), (11, 19), (18, 19)]
adding cut for [(2, 8), (2, 11), (4, 10), (4, 18), (10, 14), (11, 19), (18, 19)]
adding cut for [(3, 5), (3, 7), (5, 15), (7, 16), (13, 16), (13, 17)]
adding cut for [(2, 8), (2, 13), (3, 5), (3, 7), (7, 16), (13, 16)]
adding cut for [(4, 10), (4, 18), (11, 15), (11, 19), (18, 19)]
adding cut for [(3, 7), (3, 19), (4, 10), (4, 18), (5, 7), (18, 19)]
adding cut for [(2, 8), (2, 13), (5, 11), (8, 17), (11, 19), (13, 16), (16, 19)]
adding cut for [(3, 7), (3, 18), (4, 10), (4, 18), (7, 15), (10, 14)]
adding cut for [(2, 8), (2, 13), (3, 16), (3, 19), (5, 7), (7, 11), (11, 19), (13, 16)]
adding cut for [(2, 8), (2, 13), (7, 15), (7, 19), (11, 16), (11, 19), (13, 16)]
adding cut for [(2, 8), (2, 13), (4, 10), (4, 18), (10, 14), (11, 16), (11, 18), (13, 16)]
adding cut for [(2, 8), (2, 13), (8, 17), (11, 16), (11, 19), (13, 16), (15, 19)]
adding cut for [(3, 7), (3, 18), (4, 10), (4, 18), (5, 7), (10, 14)]
adding cut for [(2, 8), (2, 13), (4, 7), (4, 10), (7, 16), (8, 17), (10, 14), (13, 16)]
adding cut for [(2, 8), (2, 13), (3, 19), (8, 17), (11, 16), (11, 19), (13, 16)]
adding cut for [(4, 10), (4, 18), (5, 7), (5, 15), (7, 18), (10, 14)]
adding cut for [(2, 8), (2, 13), (4, 10), (4, 15), (5, 13), (5, 15), (10, 14)]
adding cut for [(3, 7), (3, 18), (11, 16), (11, 19), (16, 17), (18, 19)]
adding cut for [(2, 8), (2, 13), (3, 7), (3, 13), (5, 15), (7, 15), (8, 17)]
adding cut for [(4, 10), (4, 18), (10, 14), (11, 16), (11, 19), (18, 19)]
adding cut for [(2, 8), (2, 13), (4, 10), (4, 18), (7, 16), (7, 19), (8, 17), (10, 14), (13, 16), (18, 19)]
adding cut for [(2, 8), (2, 19), (4, 10), (4, 18), (8, 17), (10, 14), (18, 19)]
adding cut for [(3, 7), (3, 11), (5, 15), (7, 15), (11, 16), (13, 16)]
adding cut for [(2, 8), (2, 13), (4, 10), (4, 18), (8, 17), (10, 14), (13, 16), (16, 18)]
adding cut for [(2, 8), (2, 13), (3, 16), (3, 18), (4, 10), (4, 18), (8, 17), (10, 14), (13, 16)]
adding cut for [(2, 8), (2, 13), (4, 7), (4, 10), (7, 16), (10, 14), (13, 16)]
adding cut for [(2, 8), (2, 13), (3, 7), (3, 13), (5, 7), (5, 15)]
adding cut for [(4, 10), (4, 18), (11, 16), (11, 19), (16, 17), (18, 19)]
adding cut for [(2, 8), (2, 16), (3, 7), (3, 11), (5, 7), (5, 15), (8, 17), (11, 16)]
adding cut for [(4, 10), (4, 18), (10, 14), (13, 19), (18, 19)]
adding cut for [(2, 8), (2, 13), (4, 10), (4, 18), (8, 17), (11, 13), (11, 19), (18, 19)]
adding cut for [(3, 7), (3, 19), (4, 10), (4, 18), (5, 15), (7, 15), (18, 19)]
adding cut for [(2, 8), (2, 13), (3, 7), (3, 19), (11, 16), (11, 19), (13, 16)]
adding cut for [(4, 10), (4, 18), (5, 15), (10, 14), (15, 18)]
adding cut for [(2, 8), (2, 13), (4, 10), (4, 18), (7, 16), (7, 19), (10, 14), (13, 16), (18, 19)]
adding cut for [(2, 8), (2, 13), (5, 15), (11, 16), (11, 19), (13, 16), (15, 19)]
adding cut for [(2, 8), (2, 13), (4, 10), (4, 18), (10, 14), (13, 16), (16, 18)]
adding cut for [(2, 8), (2, 13), (3, 7), (3, 19), (5, 7), (8, 17), (13, 16), (16, 19)]
adding cut for [(4, 10), (4, 18), (10, 14), (11, 15), (11, 18)]
adding cut for [(3, 7), (3, 19), (4, 10), (4, 18), (7, 15), (18, 19)]
adding cut for [(2, 8), (2, 13), (4, 10), (4, 18), (11, 13), (11, 19), (18, 19)]

Cutting planes:
  Gomory: 1
  MIR: 2
  Lazy constraints: 459

Explored 1978 nodes (9949 simplex iterations) in 0.33 seconds (0.13 work units)
Thread count was 10 (of 10 available processors)

Solution count 1: 6.20086 

Optimal solution found (tolerance 1.00e-04)
Best objective 6.200861356576e+00, best bound 6.200861356576e+00, gap 0.0000%

User-callback calls 4497, time in user-callback 0.09 sec
Optimal solution: 6.200861356575503
Edges in the solution:
[(2, 8), (2, 13), (3, 5), (3, 18), (4, 10), (4, 15), (6, 16), (7, 11), (8, 17), (9, 14), (10, 14), (11, 19), (12, 15), (13, 16), (18, 19)]
